======================================================
                 4-BIT ALU TESTBENCH
======================================================
Time    A       B       SEL     Y       CARRY
------------------------------------------------------
10      0101    0011    000     1000    0
20      1001    0100    001     0101    0
30      1010    1100    010     1000    0
40      1010    1100    011     1110    0
50      1010    1100    100     0110    0
60      1010    0000    101     0101    0
70      0111    0000    110     1000    0
80      0111    0000    111     0110    0
90      1111    0001    000     0000    1
------------------------------------------------------
Simulation completed successfully.
======================================================